0.00 0.000 0.009 0
0.10 0.400 0.382 2
0.20 0.720 0.720 2
0.30 0.976 0.968 2
0.40 1.181 1.188 2
0.50 1.345 1.345 2
0.60 1.476 1.482 2
0.70 1.581 1.593 2
0.80 1.664 1.665 2
0.90 1.732 1.749 2
1.00 1.785 1.785 2
1.10 1.828 1.846 2
1.20 1.863 1.875 2
1.30 1.890 1.900 2
1.40 1.912 1.930 2
1.50 1.930 1.939 2
1.60 1.944 1.941 2
1.70 1.955 1.951 2
1.80 1.964 1.958 2
1.90 1.971 1.987 2
2.00 1.977 1.978 2
2.10 1.982 1.968 2
2.20 1.985 1.983 2
2.30 1.988 1.972 2
2.40 1.991 1.996 2
2.50 1.992 2.004 2
2.60 1.994 2.018 2
2.70 1.995 2.008 2
2.80 1.996 1.992 2
2.90 1.997 2.009 2
3.00 1.998 1.996 2
3.10 1.998 2.005 2
3.20 1.998 1.999 2
3.30 1.999 2.008 2
3.40 1.999 1.990 2
3.50 1.999 1.997 2
3.60 1.999 1.994 2
3.70 1.999 1.983 2
3.80 2.000 1.983 2
3.90 2.000 2.002 2
4.00 2.000 2.003 2
4.10 2.000 1.996 2
4.20 2.000 1.989 2
4.30 2.000 2.008 2
4.40 2.000 2.009 2
4.50 2.000 1.996 2
4.60 2.000 1.998 2
4.70 2.000 2.004 2
4.80 2.000 1.992 2
4.90 2.000 1.988 2
5.00 2.000 1.990 2
5.10 1.800 1.808 1
5.20 1.640 1.625 1
5.30 1.512 1.534 1
5.40 1.410 1.408 1
5.50 1.328 1.320 1
5.60 1.262 1.275 1
5.70 1.210 1.216 1
5.80 1.168 1.182 1
5.90 1.134 1.140 1
6.00 1.107 1.114 1
6.10 1.086 1.077 1
6.20 1.069 1.072 1
6.30 1.055 1.065 1
6.40 1.044 1.061 1
6.50 1.035 1.033 1
6.60 1.028 1.047 1
6.70 1.023 1.023 1
6.80 1.018 1.017 1
6.90 1.014 1.018 1
7.00 1.012 1.004 1
7.10 1.009 1.013 1
7.20 1.007 1.020 1
7.30 1.006 1.012 1
7.40 1.005 1.039 1
7.50 1.004 1.018 1
7.60 1.003 1.011 1
7.70 1.002 0.999 1
7.80 1.002 0.994 1
7.90 1.002 0.994 1
8.00 1.001 1.007 1
8.10 1.001 0.986 1
8.20 1.001 1.001 1
8.30 1.001 0.993 1
8.40 1.001 0.990 1
8.50 1.000 1.001 1
8.60 1.000 0.991 1
8.70 1.000 1.000 1
8.80 1.000 1.008 1
8.90 1.000 1.009 1
9.00 1.000 1.018 1
9.10 1.000 0.988 1
9.20 1.000 1.014 1
9.30 1.000 1.011 1
9.40 1.000 0.989 1
9.50 1.000 0.994 1
9.60 1.000 0.985 1
9.70 1.000 0.994 1
9.80 1.000 1.001 1
9.90 1.000 1.011 1
10.00 1.000 1.003 1
10.10 1.400 1.399 3
10.20 1.720 1.712 3
10.30 1.976 1.987 3
10.40 2.181 2.182 3
10.50 2.345 2.353 3
10.60 2.476 2.474 3
10.70 2.581 2.582 3
10.80 2.664 2.669 3
10.90 2.732 2.743 3
11.00 2.785 2.781 3
11.10 2.828 2.821 3
11.20 2.863 2.853 3
11.30 2.890 2.888 3
11.40 2.912 2.898 3
11.50 2.930 2.928 3
11.60 2.944 2.934 3
11.70 2.955 2.937 3
11.80 2.964 2.965 3
11.90 2.971 2.973 3
12.00 2.977 2.987 3
12.10 2.982 2.979 3
12.20 2.985 2.981 3
12.30 2.988 3.006 3
12.40 2.991 3.004 3
12.50 2.992 2.998 3
12.60 2.994 2.988 3
12.70 2.995 3.008 3
12.80 2.996 3.015 3
12.90 2.997 2.994 3
13.00 2.998 3.006 3
13.10 2.998 2.987 3
13.20 2.998 3.008 3
13.30 2.999 3.007 3
13.40 2.999 3.004 3
13.50 2.999 3.007 3
13.60 2.999 3.000 3
13.70 2.999 3.010 3
13.80 3.000 2.983 3
13.90 3.000 3.004 3
14.00 3.000 3.003 3
14.10 3.000 2.990 3
14.20 3.000 3.004 3
14.30 3.000 3.011 3
14.40 3.000 2.986 3
14.50 3.000 2.989 3
14.60 3.000 2.998 3
14.70 3.000 3.001 3
14.80 3.000 2.990 3
14.90 3.000 3.007 3
15.00 3.000 3.007 3
